50875 42 74
140699 39 74
17735 60 74
69851 37 74
151504 56 74
76438 37 74
121321 53 74
8709 49 74
185585 40 74
73653 70 74
82660 44 74
35915 49 74
96106 27 74
175987 51 74
46324 25 74
56280 40 74
6574 60 74
157735 21 74
17184 35 74
2914 67 74
127246 42 74
46298 45 74
138068 47 74
18899 42 74
83739 42 74
216789 41 74
155073 50 74
113322 44 74
177279 41 74
109204 42 74
209356 37 74
152436 46 74
108519 25 74
86374 16 74
201147 47 74
21115 52 74
42347 43 74
132042 46 74
162989 56 74
154329 39 74
56546 41 74
94446 59 74
132571 42 74
219616 68 74
106418 49 74
195993 47 74
189467 35 74
107537 31 74
38756 65 74
173873 56 74
5896 56 74
172587 65 74
75058 64 74
137910 43 74
95724 40 74
43926 36 74
42341 38 74
53995 39 74
14239 35 74
92047 40 74
175982 41 74
134195 37 74
49248 37 74
35603 56 74
4083 65 74
12638 36 74
171412 68 74
101123 41 74
134253 38 74
121878 37 74
87222 34 74
121546 35 74
198854 51 74
172889 40 74
39185 46 44
91673 63 44
75228 41 44
53004 37 44
114084 56 44
54516 32 44
66487 61 44
57097 49 44
112002 38 44
5230 51 44
11358 48 44
110348 65 44
23084 56 44
13765 59 44
137740 34 44
123753 49 12
184028 27 12
112274 52 12
160282 40 12
81476 69 12
82366 37 12
158275 46 12
113696 41 12
45748 45 12
165309 34 12
103611 44 12
126743 50 12
8282 41 12
121416 52 12
16690 22 12
20757 42 12
39517 29 12
110318 23 12
86057 53 12
181402 49 12
77324 30 12
51875 51 12
131434 36 12
78027 44 12
196347 67 12
122256 33 12
204709 31 12
155145 34 12
114105 48 12
80987 29 12
67 21 12
143878 33 12
8075 45 12
115746 30 12
182690 38 12
140829 23 12
207816 34 12
14169 67 12
110848 68 12
121595 37 12
194632 20 12
173967 28 12
114018 51 12
94449 28 12
74516 42 12
115226 26 12
63143 26 12
318 39 12
85267 66 12
121243 54 12
152182 52 12
109824 50 12
91515 28 12
34494 48 12
9616 55 12
42632 30 12
50023 37 12
132890 28 12
27661 59 12
72720 31 12
180877 28 12
52379 45 12
105329 47 12
84020 24 12
140313 47 12
204842 30 12
120496 42 12
215344 56 12
93707 24 12
104580 39 12
216033 30 12
143478 28 12
8854 27 24
35866 54 24
82300 47 24
101539 29 24
125181 46 24
5802 65 24
196250 33 24
157072 41 24
50900 52 24
147265 53 24
47528 42 24
123141 47 24
34456 62 24
129112 66 24
131872 60 24
17980 43 24
198468 42 24
68307 35 24
103845 66 24
7896 39 24
82128 60 24
155617 29 24
145019 27 24
50087 40 24
45807 39 24
219781 60 24
167257 21 24
120535 52 24
45077 40 24
199159 31 24
20437 66 24
135810 57 24
142819 50 24
82777 60 24
120172 42 41
138158 44 41
158436 33 41
103640 58 41
55146 52 41
161185 19 41
109417 37 41
71245 57 41
71010 30 41
95750 40 41
140030 44 41
98111 44 41
98341 48 41
9816 34 41
28701 26 41
136337 27 41
104059 41 41
174909 45 41
89381 44 41
218068 70 41
172839 50 41
9209 45 41
184206 41 41
88536 44 41
139381 37 41
10900 49 41
98678 55 41
147561 40 41
40626 60 41
91193 38 41
25470 45 41
170000 46 41
186945 30 41
105048 43 41
13346 51 41
211698 46 41
158881 21 41
16993 53 41
5826 47 41
168504 32 41
168719 27 41
112817 45 41
133367 52 41
5439 25 41
123619 32 41
78477 30 41
122994 47 41
22597 36 41
19657 44 41
109066 52 41
54768 40 41
81597 20 41
12481 29 41
164297 38 41
189516 38 41
69515 73 41
213038 36 41
118722 42 41
156073 53 41
71994 33 41
67737 46 41
158420 41 41
95782 56 41
95344 63 41
66560 56 41
39078 47 41
200256 28 41
42248 26 41
159313 42 41
193583 55 41
32011 51 41
7393 67 41
180221 38 41
108827 37 41
209004 40 41
196870 37 41
130202 54 41
103026 58 41
217385 38 41
159688 69 41
60846 65 34
96070 37 34
52313 47 34
217956 37 34
209398 56 34
142612 38 34
185454 48 34
205861 28 34
132422 26 34
209347 48 34
153782 63 34
60432 65 34
211115 45 34
137168 54 34
47475 52 34
40509 55 34
41813 50 34
73093 47 34
55626 42 34
175391 54 34
197371 47 34
30832 65 34
121982 47 34
118854 55 34
168076 58 34
162155 39 34
5425 58 34
136230 33 34
163338 45 34
172854 35 34
178161 68 34
31496 48 34
127492 46 34
37450 50 34
92827 49 34
215949 53 34
178536 55 34
204227 64 34
113743 45 34
95521 45 34
195668 44 34
83996 36 34
110642 48 34
72700 37 34
163954 68 34
60905 39 34
17386 65 34
132495 41 34
191086 51 34
61861 48 34
51764 51 34
42959 41 34
18275 35 34
191192 54 15
145534 57 15
107378 62 15
62514 34 15
119677 51 15
69838 62 15
211958 46 15
207038 60 15
145798 46 15
152473 39 15
47906 51 15
106142 48 15
5726 44 15
56587 45 15
14554 63 15
159432 70 15
158636 52 15
3219 60 15
64008 53 15
123634 48 15
167704 35 15
135638 49 15
108630 40 15
76880 53 15
114508 61 15
145473 59 15
119521 50 15
51410 30 15
198256 39 15
149260 60 15
52328 40 15
218227 52 15
51952 62 15
5609 45 15
200809 49 15
214973 53 15
206114 52 15
104480 67 15
60145 20 15
195946 44 15
90908 52 15
208841 50 15
65775 26 15
150947 33 15
128765 57 15
106968 62 15
153393 52 15
172453 56 15
129233 35 15
89784 58 15
79715 35 15
211424 52 15
73950 49 15
62893 37 15
144651 28 15
12988 56 15
187483 32 15
144429 60 15
140730 57 15
176780 52 15
19465 50 15
137713 49 15
156306 24 15
68579 68 15
82824 51 15
205006 35 15
64695 39 15
33642 54 15
198290 41 15
12343 45 15
24828 44 15
181627 39 15
138902 54 15
9125 49 15
26821 48 15
215849 38 15
165372 41 15
193809 51 15
119844 42 15
207032 54 20
120508 47 20
188903 63 20
67895 62 20
196899 50 20
107618 63 20
52060 53 20
182599 23 20
162808 44 20
42215 24 20
31257 46 20
78733 50 20
79759 57 20
62762 49 20
36033 43 20
44319 41 20
139369 39 20
73426 50 20
5689 55 20
166953 66 20
60479 45 20
121580 34 20
47386 67 20
23338 46 20
128096 54 20
69125 37 20
60031 29 20
198231 45 20
10269 49 20
51759 47 20
93304 34 20
39625 50 20
215860 43 20
208771 17 20
66740 53 20
58135 29 20
74415 53 20
43152 64 20
139563 32 20
182493 60 20
118903 40 20
218957 56 20
2183 70 20
125339 67 20
206678 69 20
135945 36 20
160486 42 20
143227 30 20
30797 67 20
15672 38 20
4861 48 20
218000 49 20
181924 55 20
169036 66 20
142028 64 20
22601 47 20
22509 68 20
189355 54 20
196260 47 20
41718 52 20
38510 65 20
158279 47 20
32169 48 20
105750 31 68
162805 28 68
211238 58 68
34325 35 68
142552 45 68
31007 31 68
185754 38 68
15747 37 68
8548 31 68
189713 26 68
164414 64 68
105052 42 68
22565 32 68
3686 33 68
165185 40 68
27361 28 68
95004 27 68
18463 34 68
2071 28 68
113294 41 68
195088 30 68
39902 32 68
178188 28 68
169012 60 68
133061 62 68
51859 28 68
81056 40 68
162999 28 68
37602 44 68
19624 26 68
183678 33 68
194225 34 68
145639 31 68
80211 46 68
49309 32 68
100541 68 68
40219 44 68
147903 32 68
194858 33 68
80084 36 68
144822 25 68
134276 41 68
166773 34 68
205331 51 68
189862 44 68
49279 27 68
52189 35 68
43435 64 68
157313 66 68
213310 46 68
179010 33 68
108848 49 68
120156 43 68
90511 33 68
166771 26 68
94419 28 68
206238 36 68
33335 22 68
103903 38 68
125702 33 68
149545 27 68
24472 43 68
135334 30 68
166147 26 68
151116 41 68
159502 26 68
42149 34 68
107542 33 68
218459 63 68
184064 17 68
76311 34 68
171573 34 68
108422 36 68
194475 34 68
163632 16 68
8463 26 68
30515 62 68
208975 37 68
109788 53 68
114739 38 68
206405 24 68
200648 39 68
210409 35 68
170478 53 68
136340 36 68
85947 29 68
5308 26 68
18137 34 68
139225 26 68
205459 41 68
140099 38 68
120380 26 68
129618 45 68
212217 34 68
217958 26 68
87055 53 68
218538 51 68
62065 26 68
133291 30 68
32200 30 68
15079 38 68
80775 33 68
53692 39 68
37227 62 68
125036 42 68
18692 35 68
109967 38 68
50930 27 68
56006 35 68
203520 41 68
176135 21 68
56118 66 68
108558 39 68
197810 46 46
32465 54 46
87151 39 46
59465 60 46
121355 58 46
52506 43 46
86951 33 46
30422 39 46
117681 59 46
207260 30 46
88203 50 46
10629 49 46
152177 35 46
86541 36 46
171514 35 46
57805 31 46
110632 53 46
114998 36 46
220670 33 46
13237 28 46
127249 38 46
111393 47 46
156022 43 46
130779 37 46
97406 42 46
187323 47 46
96443 43 46
143232 62 46
178823 46 46
197929 39 46
105802 30 46
172752 52 46
148328 36 46
118236 30 46
186985 30 46
14826 20 46
153367 43 46
8189 52 46
197513 35 46
186485 30 46
216733 62 46
94863 49 46
118549 31 46
62125 25 46
139613 33 46
109246 24 46
150190 48 46
124154 52 46
96966 65 46
105009 50 46
178649 30 46
58685 30 46
216714 60 46
143222 27 46
35678 25 46
140431 34 46
28451 30 46
214402 39 46
217220 41 46
203556 55 46
140224 53 46
26917 49 46
19095 54 46
209012 29 46
5367 30 46
143247 62 46
12798 50 46
140810 35 46
8783 68 46
93114 38 46
23977 52 46
84678 31 46
170854 41 46
131114 48 46
127743 70 46
186918 54 46
122636 43 46
55756 30 46
20746 35 46
152268 46 46
150512 41 46
206512 31 46
124809 36 46
26664 36 46
220139 53 46
65500 68 46
130190 39 46
31890 31 46
172043 48 46
133695 57 46
78487 36 46
147006 46 46
197636 37 46
121551 36 46
143183 40 46
78585 42 46
49200 40 46
88383 31 46
50864 57 46
149193 28 46
207423 32 46
187543 45 46
46545 35 46
124624 65 46
109059 33 46
202824 29 46
175143 52 46
88303 33 46
57414 31 46
172508 47 46
47270 27 46
45869 38 46
31656 28 46
12907 39 46
163957 31 46
47683 51 46
111251 38 46
155910 47 46
166775 38 46
211634 38 46
48430 28 46
147076 31 46
9249 33 46
20349 57 46
185256 49 46
77525 48 46
152344 62 46
109994 35 46
126699 54 46
116777 44 46
5202 29 46
27770 35 46
59191 37 46
169082 33 46
33540 24 46
163655 62 46
68023 51 46
135847 31 46
145866 34 46
20040 40 46
42389 57 46
203683 41 46
167515 46 46
125872 41 46
72664 52 46
74035 31 46
158696 42 46
100428 45 46
135678 26 5
175193 42 5
158391 35 5
60419 40 5
202069 29 5
145838 35 5
199264 32 5
61306 30 5
36090 36 5
31308 71 5
186115 19 5
107695 39 5
197094 46 5
35689 42 5
68518 62 5
27466 30 5
123847 46 5
213008 32 5
126019 34 5
24509 26 5
177705 29 5
24371 29 5
160985 66 5
108281 30 5
2507 20 5
190370 43 5
199116 66 5
47234 29 5
109876 29 5
190774 37 5
153432 37 5
152522 39 5
191180 60 5
34093 49 5
162836 19 5
34694 44 5
86617 52 5
216247 33 5
189541 27 5
100269 30 5
105896 37 5
72197 32 5
10648 25 5
5193 61 5
123059 33 5
166531 34 5
100835 62 16
183806 38 16
161190 58 16
89603 54 16
138551 63 16
110955 17 16
88173 63 16
116466 62 16
93615 26 16
156252 32 16
217119 28 16
128670 51 16
156275 65 16
101720 48 16
181785 49 16
133447 63 16
183248 69 16
1654 54 16
199845 47 16
194063 47 16
112497 48 16
113781 49 16
111828 69 16
90594 17 16
121700 63 16
169804 62 16
190504 60 39
93612 40 39
140112 30 39
219415 33 39
179136 51 39
47861 59 39
39763 33 39
82218 40 39
127908 38 39
109193 42 39
174197 41 39
118627 31 39
51431 39 39
214706 51 39
930 44 39
168587 54 39
12525 65 39
66575 44 39
35441 41 39
202753 62 39
124354 57 39
107881 41 39
136914 57 39
29909 51 39
29760 67 39
91304 39 39
195968 53 39
105516 61 39
159664 51 39
218306 36 39
39579 57 39
107590 36 39
49303 39 39
119756 46 39
154415 52 39
177048 67 39
146203 20 39
82820 33 39
57922 59 39
195041 49 39
122265 67 39
164261 39 39
75706 43 39
136329 47 39
98100 43 39
171240 43 39
121744 24 39
174979 26 23
138434 28 23
205454 62 23
81425 23 23
66734 52 23
155738 26 23
91007 46 23
80096 43 23
84076 37 23
170023 32 23
33891 29 23
144332 41 23
177295 36 23
87326 62 23
84693 34 23
107963 46 23
74807 33 23
31224 34 23
108161 24 23
123391 31 23
26633 54 23
42644 47 23
19344 35 23
10555 39 23
161819 24 23
30820 37 23
191692 22 23
156917 29 23
34840 39 23
37202 21 23
214927 44 23
151223 24 23
216230 44 23
66859 49 23
179032 34 23
84856 28 23
708 23 23
176623 23 23
11359 33 23
15960 27 23
66357 50 23
34387 42 23
200283 39 23
155442 23 23
135512 26 23
115636 56 23
92456 31 23
194862 61 23
101561 23 23
100806 32 23
115980 24 23
14183 53 23
184984 21 23
130530 47 23
97046 46 23
107802 22 23
110226 27 23
93292 33 23
161105 32 23
27113 44 23
211645 22 23
20632 33 23
105764 31 23
163037 37 23
207815 40 23
158950 44 23
37839 52 23
22750 49 23
3155 41 23
190971 33 23
215119 31 23
46316 30 23
131084 29 23
90062 55 23
147899 41 23
180578 27 23
59560 48 23
210316 25 23
108196 34 23
190099 39 23
110083 22 23
84644 34 23
96860 45 23
190855 27 23
108364 27 23
162173 40 23
150126 25 23
153271 35 23
61358 37 23
103863 34 23
73301 24 23
177624 31 23
151388 22 23
172531 33 23
104725 39 23
217099 53 23
109216 42 23
143560 49 23
13659 31 23
52211 32 23
107323 48 23
168650 34 23
198271 62 23
566 22 23
108290 44 61
212004 48 61
136883 50 61
219678 40 61
7851 32 61
195922 42 61
62877 66 61
85175 39 61
89854 47 61
124140 50 61
212541 56 61
33441 31 61
17450 64 61
143019 32 61
119792 32 61
164797 50 61
37996 40 61
178355 42 61
24419 32 61
95771 44 61
207376 55 61
152465 25 61
118622 68 61
155136 56 61
105806 18 61
43771 42 61
57949 22 61
140555 64 61
157697 45 61
158370 27 61
40606 63 61
166193 45 61
173552 61 61
177167 35 61
56479 68 61
161884 40 61
65244 37 61
30822 44 61
87137 71 61
192352 43 61
200631 30 61
37178 45 61
63807 48 61
152824 50 61
76045 40 61
104607 66 61
89402 52 61
36129 48 61
130511 33 61
127644 37 61
33461 27 61
173085 45 61
78505 60 61
144142 62 61
157319 24 83
102134 35 83
154739 64 83
169881 21 83
6477 33 83
78041 28 83
91792 63 83
177654 49 83
43866 48 83
26333 37 83
136372 51 83
214968 66 83
186585 58 83
49570 26 83
177326 36 83
181109 33 83
142126 39 83
166125 27 83
75385 36 83
25711 55 83
157293 17 83
54156 37 83
177474 45 83
132618 38 83
26428 41 58
85998 47 58
170115 36 58
178385 35 58
210320 61 58
212523 37 58
195525 39 58
16330 53 58
189262 45 58
79215 52 58
205028 27 58
3475 44 58
67457 45 58
81143 37 58
145376 48 58
78665 45 58
148764 48 58
36906 49 58
21264 52 58
177163 33 58
63183 46 58
209288 48 58
48773 66 58
25699 59 58
194179 48 58
209859 59 58
83157 60 58
52953 64 58
164804 39 58
126261 68 58
86247 42 58
169461 47 58
169466 64 58
175724 45 58
176538 50 58
159845 52 58
107978 48 58
108301 41 58
83997 58 58
134895 40 58
146139 40 58
158560 48 58
30675 65 53
31203 48 53
111790 44 53
85170 43 53
58903 62 53
80731 62 53
202451 26 53
68505 35 53
134464 63 53
98938 36 53
80193 65 53
185807 31 53
752 61 53
80786 35 53
24701 66 53
165551 51 53
200791 50 53
197291 66 53
149535 64 53
42326 51 62
177302 55 62
135716 53 62
113795 53 62
19904 67 62
180370 63 62
172991 43 62
77868 61 62
146049 62 62
39221 41 62
59652 72 62
127518 54 62
131874 47 62
46531 67 62
138948 62 62
184483 45 62
142211 45 62
61723 46 62
92217 48 62
24966 52 62
48822 55 62
176661 58 7
204544 57 7
178753 71 7
15457 47 7
26494 62 7
190981 41 7
22858 70 7
200478 53 7
203837 35 7
16137 68 7
52069 69 7
206256 59 7
212230 67 7
116483 62 7
107113 28 65
111124 35 65
162033 29 65
149567 44 65
63902 32 65
107670 18 65
216339 32 65
170715 69 65
172944 19 65
135342 45 65
128567 66 65
167763 57 65
219419 43 65
168424 28 65
48592 64 65
27114 67 65
123157 62 65
43329 40 65
210851 27 65
45640 34 65
71762 28 65
27098 19 65
91717 48 65
44692 22 65
172102 27 65
10011 29 65
208011 67 65
9768 40 65
96717 52 65
146563 56 65
220829 36 65
120870 34 65
170841 58 65
25456 22 65
193957 28 65
9233 30 65
207222 50 65
128014 32 65
56327 28 65
66091 42 65
117027 39 65
168321 52 65
108770 29 65
120753 26 65
118970 33 65
8979 54 65
208805 29 65
26150 64 65
1575 29 65
19752 29 65
76383 63 65
84946 68 65
165284 64 65
75244 44 65
53143 57 65
27392 34 65
183344 39 65
173512 45 65
145983 26 65
216456 26 65
219441 62 65
19147 36 65
209405 69 65
79130 68 65
94693 19 65
58384 42 65
7176 23 65
124244 57 65
17214 53 65
42743 53 10
108999 33 10
14871 69 10
136503 30 10
104208 31 10
31449 32 10
4523 37 10
169908 31 10
92866 40 10
199940 64 10
54655 36 10
159084 40 10
26601 34 10
132784 34 10
105116 59 10
89684 42 10
182233 44 10
194022 31 10
84059 61 10
164656 49 10
23478 52 10
140208 31 10
179536 31 10
204173 31 10
165365 43 10
215764 34 10
213466 57 10
143123 31 10
118560 60 10
152543 43 10
31709 41 10
144595 51 10
196155 39 10
45408 57 10
128442 63 10
60857 51 10
212911 67 10
52577 41 10
37648 43 10
69834 29 10
200213 32 10
162691 29 10
38626 32 10
116763 56 10
12710 42 10
191311 51 10
66305 62 10
146522 33 10
64684 33 10
181549 49 10
56681 44 10
109820 32 10
195509 40 10
61959 58 10
151247 33 10
143412 34 10
186882 55 10
119908 37 10
116609 30 10
199280 69 10
2691 59 10
19488 53 10
45570 38 10
25001 40 10
176418 37 10
60853 51 10
102404 55 10
8202 37 10
95308 43 10
76225 53 10
75755 47 10
36581 64 48
123957 16 48
138287 34 48
203282 29 48
85847 44 48
179117 56 48
91182 61 48
95320 44 48
66497 54 48
110640 61 48
173340 62 48
88260 17 48
43976 44 48
57374 46 48
115745 24 48
214104 25 48
102807 42 48
54589 37 48
90913 61 48
151759 23 48
26825 36 48
60942 19 48
55089 35 48
207175 41 48
186764 49 48
151254 20 48
142378 51 48
132504 38 48
34464 21 48
145208 28 80
215981 47 80
171984 22 80
4451 51 80
103388 39 80
82007 50 80
86561 28 80
45619 39 80
27648 57 80
12946 29 80
86700 51 80
86355 34 80
201928 40 80
100335 45 80
74259 34 80
67119 30 80
193268 28 80
34629 15 80
57793 32 80
17493 36 80
198908 35 80
31789 32 80
1896 41 80
137731 28 80
15605 54 80
151301 24 80
16066 36 80
183959 54 80
56069 31 80
161697 52 80
170025 48 80
35808 30 80
32193 30 80
88235 62 80
15393 62 80
1501 28 80
124003 53 80
77896 33 80
183331 45 80
119003 34 80
201532 33 80
199174 23 80
190599 55 80
9743 39 80
150461 39 80
212251 46 80
11315 44 80
207984 28 80
121588 33 80
205964 32 80
160957 39 80
34249 34 80
140375 51 80
95530 46 80
203361 48 80
37424 37 80
121560 66 80
97029 29 80
20412 39 80
215680 66 80
73176 38 80
141796 46 80
161195 34 80
55092 37 80
109514 30 80
199715 46 80
132588 56 80
157703 25 80
128713 42 80
168045 54 80
199921 36 80
168713 26 80
65432 35 80
191147 38 80
213139 30 80
171585 34 80
107647 28 80
39476 35 80
2383 33 80
177055 51 80
177636 47 80
101603 51 80
26112 30 80
141917 41 80
122549 35 80
60631 30 80
157155 23 80
83972 69 80
43442 66 80
8648 36 80
89053 41 80
94984 58 80
15628 30 80
144560 34 80
31095 34 80
137439 62 80
6073 30 80
40231 30 80
25311 48 80
93456 30 80
125302 65 80
79927 67 80
103812 48 80
90904 34 80
75309 36 80
163009 30 80
96238 45 80
85374 61 80
48153 31 80
14890 29 80
144386 31 80
61288 42 80
80146 40 80
131789 60 80
111007 35 80
80850 42 80
151756 47 80
132626 35 80
53808 44 80
71462 49 80
115126 33 80
141012 60 80
167590 32 52
67038 35 52
48388 33 52
72084 42 52
102736 35 52
83974 39 52
218425 44 52
83588 40 52
185978 33 52
201858 59 52
17123 32 52
62180 39 52
7542 35 52
67214 40 52
72575 46 52
81562 33 52
177355 41 52
135949 42 52
159568 42 52
106082 46 52
215312 50 52
220741 40 52
202957 50 52
183202 39 52
78143 27 52
159579 27 52
57989 30 52
137616 50 52
188542 66 52
29242 27 52
114705 32 52
107123 20 52
7143 51 52
111836 43 52
114802 35 52
84453 59 52
211893 40 52
15541 37 52
79828 33 52
193 27 52
105039 47 52
137186 25 52
111293 41 52
197084 33 52
52323 22 52
209065 37 52
70276 54 52
134505 36 52
71453 40 52
60461 41 52
6701 30 52
86527 36 52
207413 29 52
120287 60 52
172676 31 52
92109 37 52
199097 45 52
206923 31 52
106883 27 52
53867 66 52
176797 25 52
168407 28 52
67526 36 52
104250 52 52
12808 44 52
135224 35 52
202755 38 52
159236 60 52
38069 36 52
143263 59 52
114750 41 52
183870 46 52
134568 38 52
197798 18 52
45632 57 52
213536 35 52
166468 37 52
77316 49 52
5416 45 52
144331 22 52
74593 60 52
127532 32 52
50216 54 52
116351 62 52
12951 34 52
164474 43 52
215948 38 52
151105 39 52
64095 61 52
86347 32 52
143813 46 52
108378 53 52
212766 57 52
210438 35 52
219215 41 52
206475 33 52
191355 37 52
172886 33 52
43690 61 52
39688 32 52
47898 49 52
144660 31 52
16668 33 52
193035 60 52
46614 44 52
34083 60 52
89154 38 52
215980 27 52
40522 50 52
7869 45 52
78400 38 52
132297 19 52
165816 30 52
41197 40 52
180195 31 52
154990 65 52
130792 63 52
65406 22 52
43131 35 52
52489 34 52
118831 36 52
55144 49 52
92543 38 52
193873 36 52
28681 35 52
80243 36 52
51651 54 52
53787 30 52
163660 31 52
163633 46 52
122545 36 52
114546 39 52
165975 39 52
172457 39 52
176932 35 52
41234 34 52
82437 30 52
99657 28 52
115908 40 52
48477 33 52
211691 48 52
180838 36 52
14963 55 52
97220 60 52
1925 28 52
116248 33 52
213490 43 52
20254 33 52
141015 43 52
48757 37 52
137720 45 52
92168 37 52
196582 35 52
51738 24 52
197590 37 52
217103 32 52
86867 34 52
81566 27 52
154844 32 52
104678 55 52
66976 33 52
46306 47 52
175350 30 52
50627 34 52
187718 37 52
955 67 76
44751 27 76
4603 48 76
192205 26 76
128413 73 76
145098 66 76
32451 55 76
185314 40 76
26626 70 76
193076 61 76
134964 40 76
128938 40 76
8276 35 76
130162 59 76
73470 66 76
176814 30 76
121059 69 76
29431 32 76
16132 37 76
2807 47 76
51119 56 76
39600 44 76
203242 70 76
77462 54 76
75355 26 76
104311 34 76
42444 38 76
201712 48 76
132688 44 76
208885 68 76
183435 39 76
131269 53 76
136382 68 76
216065 45 76
145048 38 76
89835 54 76
180661 51 76
176983 39 76
78154 43 13
126007 47 13
211946 42 13
195232 27 13
15020 46 13
1851 43 13
2384 56 13
84957 67 13
198459 43 13
34626 53 13
67486 33 13
93096 42 13
63179 49 13
202420 31 13
109628 32 13
21065 31 13
97840 41 13
25880 35 13
8878 47 13
159017 58 13
7885 35 13
119694 51 13
215490 40 13
69440 44 13
52658 59 13
71834 27 13
4070 38 13
178699 33 13
182695 45 13
109794 23 13
58613 35 13
184434 69 13
20191 59 13
131811 52 13
104115 55 13
103958 55 13
61885 37 13
133275 68 13
125747 73 13
950 39 13
139269 30 13
211768 52 13
21694 38 13
80811 32 13
151543 52 13
144464 41 13
145565 18 13
17026 41 13
207687 66 13
90161 41 13
165340 47 13
131056 42 13
113036 59 13
204749 34 13
116447 57 13
97025 60 13
143757 69 13
24944 37 13
129723 48 13
204437 65 13
19919 49 13
202041 29 13
158467 31 13
38181 43 13
15764 44 13
119601 51 13
84907 68 13
102136 38 13
44078 68 13
125223 38 13
208797 29 13
161247 43 13
49576 59 13
201834 46 13
162257 35 13
48617 31 13
2080 50 13
95387 62 13
196229 61 13
35576 55 13
44361 38 50
125994 34 50
64544 38 50
2678 37 50
42353 37 50
187034 40 50
78910 38 50
44711 52 50
159725 39 50
158863 42 50
59052 44 50
83639 38 50
118244 44 50
153025 32 50
10881 19 50
140812 33 50
164283 50 50
161728 27 50
2527 17 50
47809 39 50
74184 37 50
81036 53 50
71841 38 50
88574 39 50
40310 49 50
38497 29 50
17452 32 50
35945 47 50
50361 40 50
87215 51 50
172033 30 50
78364 64 50
135327 35 50
168114 36 50
41630 50 50
165030 46 50
11484 63 50
135840 41 50
177560 43 50
172072 34 50
128928 34 50
101544 49 50
43186 51 50
110146 33 50
42933 29 50
135087 39 50
65855 64 50
153356 70 50
131103 34 50
36642 36 50
138920 32 50
103585 43 50
115260 51 50
99974 38 50
93089 36 50
183067 35 50
132317 35 50
130281 26 50
204203 36 50
158991 32 50
22299 28 50
192390 37 50
157354 27 50
212249 32 50
155094 46 50
208914 49 50
141872 36 50
181098 17 50
141642 41 50
216920 50 50
62238 43 50
172591 37 50
146080 66 50
202688 49 50
84715 39 50
47567 35 50
31669 45 50
130645 43 50
44254 40 50
194446 17 50
54737 28 50
215810 52 50
34303 49 50
178212 40 50
198162 40 50
139555 16 50
146308 45 50
37402 32 50
92814 43 50
172036 47 50
151764 39 50
96907 22 50
179900 30 50
64114 45 50
206801 65 79
220663 38 79
78139 42 79
72813 41 79
162126 54 79
172755 39 79
73362 32 79
151235 42 79
206810 57 79
57043 30 79
83100 59 79
194060 39 79
162199 51 79
156703 56 79
76029 55 79
142717 55 79
170225 69 79
178829 52 79
196039 52 79
66904 39 79
201901 39 79
207385 68 79
124451 45 79
171971 51 79
187885 59 79
73803 54 79
103557 61 79
192262 50 79
81895 57 79
78568 57 79
194811 53 79
105227 67 79
66806 36 79
79781 43 79
186520 36 79
81297 40 79
64180 66 79
214745 58 63
182485 60 63
174501 59 63
134156 32 63
34195 45 63
220108 54 63
167895 59 63
220559 60 63
86639 65 63
196826 50 63
7382 62 63
3337 62 63
39790 29 63
100093 41 63
40179 58 63
16135 61 63
4440 51 63
68285 41 63
208568 62 63
26939 52 63
75148 57 1
113328 49 1
146071 65 1
123697 65 1
173208 34 1
188709 51 1
121348 51 1
118777 33 1
217672 58 1
19354 45 1
36331 46 1
55919 43 1
4520 59 1
3280 60 1
16529 62 1
200467 49 1
6274 36 1
71924 60 1
83932 37 1
213910 38 1
218052 21 1
13926 50 1
214524 58 1
171568 29 1
163113 37 1
169878 65 1
73647 64 1
122454 49 1
192423 55 1
213109 52 1
50950 28 1
94301 67 1
69259 53 1
210983 38 1
96849 38 1
190651 49 1
84149 51 1
150657 56 1
119059 53 1
79551 24 1
49631 57 1
125484 26 1
28028 62 69
48169 42 69
182086 25 69
177987 37 69
12153 22 69
212620 53 69
65183 40 69
185373 36 69
126305 34 69
103247 40 69
191930 60 69
171846 44 69
137494 43 69
100008 47 69
11111 36 69
23375 22 69
212487 22 69
69253 62 69
39322 24 69
11060 18 69
146888 21 69
139860 39 69
69428 45 69
112393 45 69
208261 36 69
63223 29 69
197016 45 69
35121 49 69
155125 40 69
202684 59 69
81613 38 69
209697 62 69
57959 50 69
103236 46 69
139605 41 69
18666 42 69
11343 46 69
142087 33 69
31897 28 69
123031 43 69
128123 37 69
128753 20 69
101624 44 69
186948 67 69
127706 48 69
194778 24 69
110801 38 69
72885 33 69
156983 54 30
90070 37 30
111553 57 30
89865 30 30
127991 31 30
215579 23 30
165641 40 30
20318 22 30
49549 38 30
107924 24 30
23340 23 30
99421 38 30
47244 52 30
174108 44 30
67436 43 30
135899 32 30
130985 33 30
49540 31 30
115100 32 30
158144 28 30
154246 41 30
20575 59 30
157347 42 30
841 45 30
219000 42 30
188508 45 30
217263 40 30
99897 42 30
140638 23 30
196286 26 30
163350 59 30
206066 37 30
18488 56 30
193064 66 30
57301 44 30
218092 34 30
145263 52 30
32185 34 30
10937 57 30
148498 30 30
191743 35 30
213135 56 30
145924 52 30
92555 47 30
29949 32 30
118220 41 30
72377 51 30
178363 40 30
156684 64 30
57801 54 30
88269 53 30
131276 50 30
190951 47 30
128915 22 30
184701 26 30
103867 54 30
194784 36 30
3709 55 30
187642 31 30
223 69 30
164000 46 30
189120 44 30
74160 75 30
95543 22 30
56505 47 30
34114 49 30
12 47 30
118300 37 30
178345 62 30
334 52 30
9971 49 30
190930 46 30
192108 62 30
108320 29 30
181652 53 18
2886 46 18
68923 54 18
38167 46 18
71049 36 18
166050 35 18
30834 37 18
74893 51 18
57567 45 18
173031 47 18
90010 61 18
118372 59 18
21399 27 18
15304 42 18
135050 63 18
69079 42 18
74318 46 18
200583 44 18
215568 52 18
29329 40 18
67733 52 18
103573 43 18
108945 50 18
69174 36 18
139203 46 18
165826 52 18
206061 58 18
120780 51 18
105963 46 18
156952 40 18
180396 31 18
154828 50 18
61598 43 18
42137 22 18
74946 54 18
141074 51 18
121986 42 18
174155 60 18
193605 49 18
105454 45 18
25497 58 18
155440 41 18
176850 42 18
217377 27 55
87992 33 55
128385 54 55
103481 50 55
7362 55 55
187320 33 55
15946 64 55
172527 47 55
20813 25 55
219293 52 55
166557 45 55
47819 45 55
62267 34 55
168451 41 55
206846 44 55
160444 41 55
45871 43 55
131444 30 55
79292 44 55
178750 44 55
101432 23 55
52826 38 55
85896 42 55
57869 31 55
164835 57 55
138906 43 55
196446 53 55
112999 66 55
217279 54 55
214378 29 55
134444 52 55
30349 20 55
22644 61 55
105807 41 55
104793 42 55
219272 37 55
36180 44 55
148234 54 55
16394 40 55
24238 33 55
92797 45 55
88592 30 55
102572 55 55
162677 42 55
9809 33 55
63547 62 55
91452 35 55
108510 31 55
94413 40 55
25406 29 55
121409 35 55
186529 40 55
217574 26 55
141759 57 55
197059 30 55
91436 37 55
79522 61 55
18111 30 55
38552 53 55
33020 33 55
96814 50 55
128903 36 55
105883 66 55
169731 35 55
181828 43 55
36928 39 55
89660 29 55
33407 67 55
60283 45 55
150485 55 55
175803 55 55
107557 32 55
29464 34 55
23479 52 55
187641 40 55
152095 38 55
206037 43 55
67336 39 55
80296 42 55
198456 52 55
109951 46 55
102104 31 55
158312 47 55
88142 49 55
140199 59 19
150943 46 19
172864 40 19
137187 39 19
144565 43 19
60935 61 19
143464 47 19
55470 58 19
209885 39 19
131004 66 19
165691 46 19
83424 50 19
46219 42 19
38178 31 19
101460 42 19
3350 52 19
11022 59 19
99053 19 19
145662 60 19
142039 47 19
1336 39 19
124293 56 19
77233 61 19
162672 54 19
172381 56 19
148961 71 19
46027 23 19
129008 56 19
95327 61 19
42153 60 19
220665 62 19
187843 41 19
211969 61 19
157376 64 19
85971 47 19
27051 31 19
131189 24 19
135305 65 19
69517 47 19
189142 52 19
4242 46 19
148302 55 19
89257 60 19
45412 47 19
32550 49 19
79010 61 19
74762 61 19
87347 61 19
144065 40 19
58246 41 19
203062 66 19
135491 48 19
169465 68 19
65577 36 19
22038 50 86
6761 40 86
161888 68 86
33494 30 86
19411 62 86
112711 48 86
58154 33 86
196411 61 86
158556 23 86
63691 23 86
213370 24 86
73198 64 86
203475 45 86
3535 31 86
182035 39 86
76872 40 86
179583 44 86
45092 33 86
2087 34 86
61907 35 86
96822 24 86
148766 60 86
121869 38 86
194104 39 86
149348 52 86
102023 31 86
43889 19 86
41057 57 86
176066 30 86
135838 58 86
206929 50 86
113686 40 86
110481 25 86
117843 29 86
203231 19 86
87430 25 86
127057 43 86
20508 36 86
115481 32 86
23624 39 86
80979 44 86
164420 35 86
183268 33 86
117869 50 86
53205 25 86
89545 35 86
170341 21 86
208883 43 86
152493 36 86
215552 55 86
76135 37 86
20627 44 86
30908 44 86
129749 68 86
85129 31 86
117953 35 86
76122 45 86
17720 28 86
80356 56 86
212359 38 86
118868 35 86
131675 46 86
4256 36 86
43101 42 86
117887 22 86
153900 34 86
59387 24 86
157852 37 86
47318 48 86
171759 43 86
25465 33 70
60232 24 70
193354 48 70
63331 39 70
142946 46 70
85852 37 70
132293 38 70
210771 33 70
137087 59 70
128236 23 70
205509 42 70
213689 50 70
3444 21 70
96582 61 70
133845 70 70
45885 33 70
72246 45 70
15535 58 70
115535 38 70
43842 59 70
135960 41 70
123507 49 70
93816 62 70
188106 45 70
42488 23 70
97003 49 70
61906 36 70
80293 54 70
207192 39 70
184278 55 70
47236 36 70
155474 48 70
177356 51 70
148153 37 70
82819 45 70
57452 51 70
179869 47 70
34224 36 70
105479 48 70
46504 41 37
6898 40 37
212319 43 37
80525 53 37
216601 64 37
187035 44 37
5972 44 37
199326 69 37
100238 50 37
58229 42 37
36193 37 37
86480 65 37
116392 66 37
43063 41 37
210380 48 37
50869 61 37
39354 45 37
185147 31 4
82760 19 4
207336 42 4
178522 35 4
164972 62 4
32173 31 4
110267 28 4
57951 37 4
14975 50 4
56 28 4
50711 42 4
99252 40 4
172138 29 4
128355 38 4
71696 31 4
44696 34 4
151854 64 4
175434 35 4
185012 41 4
97310 44 4
204416 45 4
120521 31 4
10506 23 4
83414 31 4
6775 44 4
176963 38 4
166790 28 4
124102 61 4
197428 48 4
137205 44 4
10030 54 4
88374 44 4
114193 26 4
56210 43 4
12643 41 4
51360 34 4
84673 50 4
170154 24 4
119666 27 4
99270 42 4
17864 29 4
210490 56 4
4289 36 4
37231 37 4
85815 33 4
211737 62 28
8695 55 28
10547 53 28
174418 60 28
153978 64 28
48331 56 28
101318 69 28
15086 59 28
28032 39 28
101311 53 28
91249 51 28
167615 49 28
181246 27 28
140374 42 28
88564 52 28
118578 44 28
190369 70 28
90207 54 28
47592 29 28
181271 47 28
191942 45 28
180514 31 28
170834 81 28
16076 39 28
150822 53 28
120103 50 28
101376 31 28
73855 52 28
113292 61 28
190036 26 28
46681 30 28
74345 37 28
59207 68 28
121463 65 28
112615 61 28
214287 45 28
3534 49 28
206819 31 28
102828 68 28
100245 41 28
90679 35 40
15248 51 40
220198 48 40
132703 63 40
121660 63 40
214624 70 40
82691 60 40
131669 63 40
118805 43 40
132020 44 40
12396 49 40
119485 40 40
100928 64 40
193547 71 40
189982 33 40
79383 53 40
150797 51 40
35600 33 40
35397 63 40
39658 64 40
61299 52 40
193885 44 40
158791 51 40
212797 51 40
17382 69 40
42801 51 40
196525 47 40
149787 55 40
125337 68 40
97471 49 40
96226 51 40
154483 34 40
128103 50 40
469 61 40
50094 58 40
167708 57 40
135203 67 40
48887 30 56
170555 23 56
69072 34 56
27901 51 56
114710 34 56
97273 22 56
80551 54 56
184653 48 56
21937 52 56
12273 60 56
176332 37 56
195120 52 56
27432 43 56
86369 24 56
220280 32 56
166395 47 56
12750 58 56
86927 46 56
185942 26 56
62924 24 56
9846 40 56
144018 23 56
54223 42 56
142274 64 56
105254 37 56
208169 21 56
119013 53 56
84170 54 56
136084 31 56
219895 52 56
56122 46 56
21443 68 56
95830 41 56
38529 56 56
214330 66 56
206359 54 56
20052 47 56
108875 27 56
209102 50 56
179675 51 56
24358 24 56
151506 63 56
121775 61 35
61925 62 35
114195 37 35
92521 63 35
41027 64 35
119288 33 35
158705 61 35
64513 32 35
197674 37 35
74476 44 35
88307 36 35
178232 61 35
13774 62 35
152313 60 35
77339 49 35
56127 31 35
188214 35 35
155823 32 35
70216 43 35
107380 27 35
163605 38 35
220380 29 35
1078 50 35
95335 61 35
134686 36 35
168803 34 35
170501 54 35
57066 56 35
51304 31 35
215198 46 35
133782 43 35
92231 32 35
113553 60 35
188864 33 35
201247 45 35
204988 61 35
119619 60 35
60421 61 35
48581 67 35
99814 60 35
192562 50 35
198159 60 35
13436 60 35
152657 60 35
217489 62 35
104872 61 35
82810 61 35
46029 57 35
159516 56 35
201646 61 35
31912 35 35
170963 62 35
148715 62 35
6703 51 35
190360 38 35
211274 44 35
66293 60 35
112400 36 35
104926 61 35
10087 61 35
26945 59 35
34966 46 35
68111 61 35
6443 48 35
147827 61 35
89469 65 35
49901 60 35
212122 61 35
152006 63 35
175925 31 35
113363 65 67
13534 42 67
118729 30 67
54145 46 67
3909 30 67
11991 61 67
155841 63 67
220266 36 67
28358 29 67
59538 49 67
30849 39 67
39406 37 67
198444 66 67
93708 50 67
16078 34 67
84045 60 67
213604 65 67
84294 39 67
187800 52 67
141717 33 67
194998 49 67
115903 35 67
200520 32 67
107140 68 67
66055 34 67
63315 48 67
121679 50 67
36996 47 67
35047 71 67
134019 54 67
23774 57 67
63207 40 67
136232 51 67
2971 46 67
61201 36 67
51129 47 67
124444 37 67
207953 58 67
199729 32 67
197586 35 67
210037 47 67
94438 32 67
49639 49 67
39160 25 67
43143 38 67
99747 40 67
85630 61 67
117200 30 67
112728 57 67
74827 55 67
11800 64 67
49743 50 67
193402 55 67
87567 54 67
144050 36 67
113230 64 67
170371 43 67
71967 56 67
211911 28 67
41287 33 67
157817 39 67
67220 51 67
61362 32 67
171414 35 67
218668 46 67
12955 38 0
145805 59 0
126012 57 0
112263 36 0
159224 31 0
212576 61 0
11047 45 0
40453 54 0
165436 21 0
35609 43 0
120685 61 0
198234 61 0
115146 42 0
189947 44 0
88906 61 0
215508 63 0
95568 59 0
203131 62 0
220007 60 0
107513 54 0
25045 60 0
169055 44 0
187516 55 0
170878 61 0
189599 60 0
173325 62 0
61622 66 0
192063 32 0
72182 60 0
177989 63 0
189031 18 0
217908 67 0
18618 61 0
25715 60 0
61359 34 0
97232 58 0
169753 57 0
108504 41 0
15082 55 0
66163 65 0
155852 36 0
159398 58 0
19750 46 0
30091 57 0
161851 63 0
184933 52 0
27050 39 0
74088 66 0
25349 49 0
38929 55 0
142621 57 0
151412 37 0
4161 61 0
220837 30 0
167795 62 0
11286 60 0
202074 45 0
54022 25 0
122839 61 0
87876 50 51
189647 38 51
170757 60 51
20998 54 51
140889 27 51
144736 61 51
104161 70 51
113654 52 51
19057 37 51
64945 33 51
41153 46 51
151546 62 51
214262 44 51
8009 65 51
43013 50 51
53206 43 51
83717 60 51
51905 38 51
161254 46 51
77104 66 51
188428 68 51
78123 62 51
51174 54 51
103408 63 51
195961 56 51
55202 49 51
94361 48 51
75274 36 51
202617 60 51
125306 39 51
52656 67 51
117261 47 51
79424 36 51
219502 26 51
80353 36 51
5838 57 51
176924 52 51
202134 37 51
46477 45 51
90105 45 51
200462 71 51
55404 65 51
184411 33 51
183462 50 51
115208 38 51
80346 30 51
203679 40 51
83094 61 51
102416 42 51
56417 31 51
160752 59 51
58218 41 51
8741 50 51
26725 58 51
121483 36 51
83536 26 51
97595 38 51
151232 42 51
148111 51 51
147949 48 51
181354 28 51
58346 45 51
147694 56 51
95722 56 51
63473 44 51
40247 39 51
112581 27 51
169173 29 51
44773 39 51
87435 42 51
26082 43 51
215352 45 51
140541 34 51
153424 71 42
137884 66 42
14506 55 42
5929 67 42
52907 63 42
81418 38 42
205807 54 42
43835 34 42
97731 40 42
152728 69 42
48308 53 42
90614 49 42
157278 53 42
186357 45 42
69376 26 42
27928 52 42
155755 67 42
173615 48 42
175205 58 42
216838 69 42
79094 36 42
25314 49 42
146662 62 42
25200 65 42
112072 61 42
106682 63 42
172980 61 42
208603 32 42
195532 29 85
51316 52 85
107830 67 85
18741 65 85
30227 57 85
38433 30 85
203305 22 85
129212 36 85
16742 46 85
202699 37 85
219786 48 85
2371 34 85
203472 18 85
199286 56 85
91581 33 85
213208 48 85
193318 33 85
206102 53 85
104358 30 85
66379 24 85
165775 27 85
156042 41 85
36554 31 85
206044 27 85
109479 47 85
92729 25 85
82485 43 85
205522 22 85
187136 61 85
193090 34 85
26137 32 85
9041 38 85
184827 33 85
71077 38 85
163842 24 85
32568 60 85
391 22 85
195208 57 85
126610 23 85
194249 30 85
45961 33 85
106687 22 85
195717 32 85
79185 26 85
111912 35 85
152171 25 85
62482 22 85
201803 41 85
201734 32 85
751 65 85
62200 59 85
163620 49 85
169223 29 85
52492 34 85
189966 63 85
206539 39 8
188638 37 8
60979 61 8
164745 55 8
17945 25 8
26730 39 8
93156 63 8
20092 37 8
13761 47 8
174204 64 8
17891 59 8
17035 44 8
144495 52 8
176840 57 8
9039 53 8
187887 65 8
32679 68 8
14092 66 8
41150 24 8
27013 46 8
75414 52 8
79638 27 8
91530 41 8
73294 72 8
95653 47 8
113645 72 8
131237 45 8
38484 50 8
174328 58 8
73165 55 8
72923 66 8
47931 57 8
8687 39 8
18881 64 8
2256 28 8
98977 35 8
204655 32 8
4536 53 8
104589 36 8
55744 41 8
66974 50 8
14670 29 8
23782 52 8
197426 57 8
171812 63 8
95555 64 8
166138 66 8
171017 66 8
32310 52 8
2846 62 2
18693 64 2
155655 65 2
174559 47 2
147935 57 2
26719 35 2
209622 50 2
74095 62 2
127118 64 2
79100 36 2
7475 45 2
87201 60 2
173049 71 2
1878 34 2
211481 23 2
111785 40 2
219167 24 2
129568 62 2
77065 44 2
104595 36 2
20581 60 2
29573 51 2
28910 67 2
131831 41 2
153134 31 2
15797 40 31
120851 38 31
218324 42 31
69032 35 31
68528 40 31
63737 37 31
29430 36 31
205646 30 31
155804 50 31
25009 31 31
56047 54 31
125684 45 31
148918 54 31
98570 54 31
68047 49 31
40847 42 31
69742 46 31
26502 41 31
62829 48 31
69638 55 31
151095 69 31
28471 51 31
88417 52 31
2712 40 31
10837 42 31
192935 51 31
176111 38 31
162566 45 31
147630 30 31
54862 40 31
35103 37 31
191449 62 31
104116 68 31
169136 61 31
61433 46 31
44839 39 31
108252 56 31
167038 39 31
14390 37 31
175628 16 31
90145 36 31
60077 39 31
2711 61 31
303 53 31
34200 68 31
147447 51 31
69309 41 31
161902 40 31
22918 42 31
161735 35 31
202910 30 31
190380 47 31
205038 34 31
11045 36 31
34568 49 31
88658 53 31
153640 39 31
110782 45 31
190520 68 31
162549 55 31
113655 40 31
101413 38 31
176993 66 31
25049 67 31
45735 65 31
101221 38 31
111312 54 31
20499 56 31
91022 41 31
185307 27 31
79463 61 31
182182 27 31
99777 37 31
205170 36 31
82234 40 31
116653 48 31
29289 35 31
107858 50 31
112783 35 60
50805 61 60
27507 52 60
92802 60 60
220230 58 60
11615 41 60
162871 56 60
71722 59 60
132751 51 60
195107 60 60
65757 56 60
2755 60 60
39103 38 60
89833 53 60
157161 22 17
17199 42 17
34107 47 17
150862 58 17
211065 54 17
193178 50 17
217604 54 17
19747 41 17
79735 57 17
153161 31 17
17869 65 17
167647 49 17
120466 41 17
217848 52 17
178891 49 17
88647 51 17
57175 63 17
212096 42 17
77053 50 17
35477 27 17
20473 57 17
68831 50 17
179960 48 17
83015 48 17
209299 41 17
81956 28 17
215103 60 17
189428 46 17
203955 39 17
389 57 17
97290 48 17
179766 23 17
178048 59 17
95590 61 17
109035 40 17
35020 47 17
171975 48 17
175046 44 17
120036 25 17
3128 51 17
65105 40 17
191597 66 17
158355 46 17
137134 23 17
202060 51 17
67116 49 73
211285 41 73
23904 34 73
5499 32 73
195194 45 73
146508 45 73
18695 32 73
22546 48 73
164216 41 73
134601 49 73
207432 50 73
10781 34 73
18700 35 73
107524 44 73
131813 55 73
13244 66 73
146346 15 73
212137 22 73
112352 21 73
219813 67 73
218720 47 73
151020 46 73
27628 46 73
6394 58 73
39203 35 73
32726 37 73
107851 34 73
113249 38 73
135816 45 73
53471 51 73
176805 60 73
50985 53 73
47627 49 73
166301 39 73
46602 60 73
200341 41 73
136246 37 73
45398 49 73
162707 24 73
20007 38 73
44085 56 73
55023 63 73
60033 47 73
176268 46 73
63139 39 73
140943 39 73
3947 30 73
119168 59 14
210477 50 14
124336 35 14
59186 50 14
125625 43 14
76488 43 14
94741 49 14
37224 53 14
96062 61 14
71669 50 14
188322 53 14
214264 39 14
118555 48 14
107519 49 14
116119 58 14
127309 63 14
217304 68 14
211609 39 14
44102 37 14
78429 29 14
101641 56 14
122682 49 14
171457 59 14
37647 37 14
49155 47 14
121573 61 14
203965 47 14
95805 61 14
9078 45 14
150832 54 14
52716 45 14
182592 48 14
95992 39 14
24400 40 14
125093 40 14
139562 58 14
204697 50 14
211270 52 14
149918 29 14
215809 45 14
201442 28 14
94600 62 14
44611 52 14
105866 40 14
189422 32 14
220199 62 14
149145 30 14
31019 54 14
92907 28 14
114234 53 14
104257 64 14
87610 33 14
190792 56 14
165910 47 14
219724 46 14
18629 31 14
207962 39 14
108677 42 14
12266 36 14
92663 56 14
136886 64 14
26956 59 14
37117 62 14
103699 44 14
174323 57 14
74189 51 14
59261 67 14
217473 25 14
83017 61 14
73750 58 14
109752 51 14
15870 44 14
128248 62 14
160880 60 14
152563 57 14
26052 60 14
32670 42 82
51880 44 82
138741 21 82
78462 29 82
194582 31 82
212313 36 82
80453 31 82
194258 38 82
75512 40 82
16638 19 82
35615 19 82
215509 50 82
26288 25 82
22912 54 82
128752 33 82
204493 44 82
174502 29 82
42448 32 36
23426 34 36
199883 49 36
172306 41 36
26427 57 36
191436 51 36
3739 57 36
184943 56 36
146379 49 36
84963 34 36
69202 32 36
165594 64 36
176254 71 36
169996 70 36
219311 49 36
165584 39 36
4811 36 36
16089 37 36
206722 38 36
33998 50 36
63771 58 36
21919 67 36
182016 36 36
11125 39 36
6 43 36
150838 28 36
184700 68 36
79862 53 36
184066 35 36
117287 56 36
87412 53 36
176069 61 36
48301 42 36
21420 54 36
179028 58 33
49908 52 33
48587 58 33
216015 38 33
67390 49 33
192199 55 33
179962 60 33
132339 57 33
180798 38 33
71969 62 33
50141 38 33
201560 57 33
25708 57 33
94122 35 33
97543 40 33
175944 62 33
1965 49 33
167328 54 33
29485 60 33
29382 47 33
186002 38 33
201551 47 33
157243 60 33
14420 55 33
64375 43 33
39435 39 33
114244 51 33
86770 40 33
52856 49 33
132897 32 33
53426 54 33
130798 55 33
59384 49 33
87334 65 33
101296 44 33
5562 69 21
120894 64 21
216115 40 21
126952 38 21
23966 55 21
155647 57 21
150860 57 21
4260 41 21
44528 43 21
30011 61 21
805 52 21
145490 61 21
142770 50 21
102961 47 21
90000 45 21
210688 61 21
159827 44 21
140695 35 21
211310 66 21
141005 39 21
132620 37 21
110319 63 21
89181 39 21
205110 36 21
92595 47 21
10202 36 21
48111 55 21
5459 46 21
10164 53 21
130267 36 21
40295 38 21
182347 61 21
50010 39 21
52795 38 21
3133 61 21
110015 44 21
74172 34 21
103433 29 21
339 45 21
121653 36 21
52837 36 21
76420 66 21
108317 34 21
53114 42 21
2041 61 21
76577 40 21
155429 38 21
167267 50 21
127523 43 21
194394 24 6
12198 55 6
31681 40 6
100168 59 6
63364 37 6
39145 44 6
47415 38 6
187836 34 6
132678 36 6
121312 48 6
145685 33 6
134540 30 6
191401 29 6
84552 63 6
130960 26 6
27123 39 6
146037 38 6
122380 33 6
22105 43 6
16888 60 6
34756 32 6
12197 36 6
154787 23 6
85239 38 6
78655 28 6
90699 51 6
123464 34 6
1669 34 6
25627 28 6
177830 52 6
40573 36 6
60443 43 6
191775 41 6
185692 21 6
88 62 6
22895 67 6
206337 29 6
95163 46 6
112917 33 6
883 42 6
42054 32 6
200212 38 6
37690 37 6
42530 43 6
211117 65 6
40671 42 6
48542 29 6
155593 49 6
90756 34 6
10574 46 6
198259 44 66
129835 45 66
99571 31 66
70504 37 66
214502 51 66
73017 31 66
198153 39 66
127624 38 66
100549 28 66
87294 38 66
136628 36 66
36427 61 66
45937 32 66
18705 49 66
66988 42 66
196669 43 66
50560 24 66
116157 35 66
130195 40 66
60263 37 66
207462 35 66
21146 40 66
202623 61 66
204905 36 66
161864 32 66
86048 39 66
103768 45 66
146667 51 66
418 50 66
93773 52 66
125471 41 66
54299 35 66
16067 31 66
163057 56 66
43597 47 66
154804 21 66
17110 29 66
155200 27 66
217467 33 66
16088 52 66
218147 39 66
4615 31 66
197043 61 66
76544 53 66
166999 30 66
33468 26 66
19084 37 66
4805 30 66
212565 51 66
97727 52 66
90153 45 66
186787 35 66
74703 54 81
220392 45 81
26234 28 81
54215 52 81
149847 36 81
200250 48 81
117786 36 81
207652 40 81
179414 61 81
21624 66 81
131254 41 81
151385 57 81
45689 42 81
129224 36 81
205139 52 81
175189 41 81
160718 68 81
199678 45 81
178687 51 81
130120 42 81
162158 30 81
189016 47 81
206646 37 81
207272 49 81
92953 61 81
93008 39 81
46911 34 81
43884 52 81
37620 57 81
82910 42 81
115538 66 81
193904 51 81
25237 42 81
177272 57 81
122730 58 81
24703 59 81
40147 65 81
13940 59 81
121000 61 81
205898 55 81
210647 59 81
177385 62 81
147211 32 77
133542 46 77
169778 54 77
120074 55 77
186745 44 77
94788 68 77
140331 66 77
48707 63 77
27403 45 77
179461 32 77
126404 28 29
142063 50 29
109263 62 29
180966 44 29
134090 56 29
49601 58 29
138137 36 29
138653 34 29
180744 56 29
185064 32 29
27540 55 29
42568 52 29
208018 63 29
72612 55 29
159773 67 29
29933 51 29
129605 32 29
165647 52 29
87760 38 29
74997 32 29
174443 65 29
33739 71 29
98686 61 29
129564 56 29
90181 49 29
119762 48 29
25479 48 29
47342 35 29
190393 45 29
11833 29 29
218145 59 29
122020 70 29
77829 45 29
166586 51 29
134082 64 29
105056 49 29
96576 50 29
155666 70 29
21319 56 29
103806 39 29
67602 59 29
156611 64 29
67932 45 29
101479 62 29
169727 47 29
132910 51 29
107712 38 64
39569 55 64
215431 45 64
83502 66 64
9917 66 64
90958 71 64
77848 52 64
129343 61 64
150742 72 64
214670 70 64
175652 52 64
67986 59 64
73618 68 64
205104 44 64
158983 31 64
212824 44 64
173727 44 64
220520 45 64
71191 24 64
160702 73 64
104967 68 64
97050 52 64
179413 71 64
149155 40 64
136207 39 64
90486 59 64
97288 68 64
156769 69 64
215976 48 64
137813 51 64
199690 66 64
31382 53 64
54063 65 64
66845 61 64
216791 44 64
84202 70 64
94951 34 64
211538 58 64
110066 35 64
48788 68 64
140755 62 64
31537 66 64
138873 34 64
31918 68 64
109225 56 64
15373 57 64
135279 62 64
187042 61 64
65870 60 64
101503 53 64
214521 55 64
189488 62 64
149502 48 49
49430 54 49
164175 44 49
53463 46 49
34639 53 49
190396 47 49
51079 70 49
173466 46 49
18845 40 49
195501 44 49
105728 28 49
42555 50 49
16607 32 49
209308 27 49
120166 48 49
188303 45 49
188314 26 49
215435 60 49
185170 63 49
26292 45 49
2448 37 49
34673 34 49
105373 39 49
18630 40 49
113727 33 49
1749 41 49
139328 56 49
168888 60 49
29080 55 49
19414 43 49
178837 49 49
22123 48 49
10478 42 49
24942 39 49
78823 18 49
189704 32 49
190177 51 49
24123 52 49
136862 47 49
189001 47 49
78848 36 49
1406 36 49
161857 41 49
28482 62 49
83488 45 49
4233 38 49
18891 34 49
25342 43 49
143640 29 49
35114 57 57
112607 33 57
63 52 57
157392 56 57
147550 56 57
4102 43 57
39432 56 57
103875 53 57
168750 44 57
72328 52 57
184927 56 57
178685 47 57
210988 42 57
148657 44 57
28893 67 57
23319 61 57
78509 52 57
178989 47 57
96714 47 57
134955 23 57
46717 55 57
27004 48 57
51310 50 57
45237 48 57
64935 50 57
164006 51 57
131604 49 57
219168 64 57
131117 56 57
163590 47 57
196972 56 57
206006 58 57
50102 67 57
5906 35 57
154253 51 57
117205 66 57
71611 63 71
75589 34 71
165976 24 71
11234 57 71
84191 34 71
208573 28 71
166139 38 71
149045 20 71
163530 54 71
206299 56 71
44529 38 71
78765 36 71
62217 41 71
110751 42 71
196120 45 71
106373 32 71
166509 39 71
526 41 71
162562 49 71
169899 32 71
157355 38 71
179468 46 71
83800 47 71
32302 53 71
90281 18 71
153043 18 71
126864 38 71
63712 37 71
87986 37 71
217492 43 71
88671 43 71
73679 31 71
176494 31 71
82513 38 71
181103 44 71
67185 45 71
161518 35 71
86800 30 71
37775 31 71
26504 45 71
19012 62 71
133278 45 71
77124 42 71
126389 47 71
83419 48 11
64124 39 11
96666 22 11
182649 26 11
90544 23 11
88802 57 11
52258 47 11
136688 24 11
9549 38 11
168147 40 11
191729 31 11
191657 37 11
117214 40 11
137995 49 11
5131 49 11
197018 73 11
56306 37 11
160280 62 11
179896 36 22
140192 35 22
33031 29 22
136222 52 22
116508 23 22
80755 46 22
179101 45 22
206584 36 22
173371 34 22
124450 56 22
77988 30 22
151433 26 22
51314 18 22
67081 31 22
199698 33 22
193270 28 22
110869 54 22
24875 32 22
10984 35 22
188200 28 22
187113 29 22
208376 28 22
184052 39 22
168755 51 22
69789 34 22
172455 37 22
96836 39 22
141748 29 22
97267 25 22
100736 48 22
88255 30 22
144950 29 22
146171 59 22
79428 41 22
202920 41 22
65152 33 22
6776 39 22
118654 30 22
131840 23 22
49600 50 22
164195 34 22
4994 31 22
105962 32 22
55322 52 22
22424 20 22
118165 33 22
197857 43 22
99677 41 22
178843 39 22
22655 46 22
105285 33 22
183956 14 22
59577 48 22
77937 35 22
49377 41 22
39008 40 22
127389 43 22
115068 36 22
170756 52 22
163183 22 22
150927 42 22
120122 30 22
88423 20 22
47602 59 22
13452 59 22
215246 51 54
165447 40 54
129303 38 54
63209 40 54
185867 29 54
214609 52 54
142014 44 54
11387 61 54
32954 37 54
153689 43 54
220775 55 54
57745 43 54
26803 61 54
12613 48 54
144398 33 54
18959 36 54
79334 66 54
149652 30 54
22452 32 54
37974 34 9
39670 45 9
161958 36 9
42357 55 9
181405 33 9
65736 44 9
148383 50 9
48063 44 9
96858 46 9
124535 29 9
16851 44 9
218964 30 9
1069 43 9
93869 40 9
162159 36 9
216022 32 9
22868 26 9
33109 46 9
191713 54 9
138042 58 9
102461 45 9
14190 71 9
18023 38 9
98835 34 9
127192 45 9
70668 52 9
153280 33 9
36099 21 9
122512 33 9
44157 57 9
20144 56 9
155466 39 9
205994 44 9
33974 36 9
132240 72 9
58102 48 9
80292 37 9
218586 49 9
5749 39 9
151097 44 9
110030 60 9
147193 55 9
78707 52 9
121976 40 9
145342 39 9
130340 44 9
41382 40 9
93755 39 9
15625 45 9
69635 71 9
116571 44 43
173767 70 43
103864 47 43
132081 53 43
3293 62 43
41959 73 43
162252 38 43
36495 68 43
6644 64 43
98087 62 43
140060 48 43
113343 43 43
23136 62 43
52048 48 43
61623 52 43
157722 68 43
40928 49 43
2502 49 43
108546 55 43
27524 47 43
52580 45 43
9923 62 43
23511 51 43
69909 68 43
81612 70 43
206310 39 75
27556 41 75
110003 67 75
218838 70 75
209701 43 75
18787 13 75
161508 41 75
74315 43 75
167951 66 75
19413 48 75
152501 23 75
179289 45 75
172111 46 75
92021 48 75
98485 25 75
93236 49 75
190439 42 75
38984 63 75
54097 33 75
130996 68 75
38562 63 75
134739 41 75
207361 26 75
138668 49 75
102084 70 27
172912 43 27
58640 73 27
69155 29 27
15997 38 27
68723 51 27
93023 31 27
216188 68 27
53572 48 27
133046 60 27
128817 65 27
193845 59 27
155048 67 27
113990 56 27
187824 67 27
120397 49 27
61108 66 59
186131 64 59
184357 49 59
199481 29 59
183364 69 59
15399 68 59
211336 51 59
19178 29 59
166830 67 59
24203 67 3
70670 64 3
176555 54 3
161253 29 3
160328 67 3
143631 67 3
191167 31 3
25795 36 3
49165 61 3
172050 45 3
154514 57 3
135904 60 3
132037 54 3
154060 39 3
44853 58 3
20567 67 3
108344 56 3
171242 48 3
131592 50 3
56714 55 3
134722 57 3
19968 45 3
184505 38 3
193574 30 47
98088 40 47
77154 41 47
86921 38 47
58478 26 47
8999 47 47
200389 45 47
10627 37 47
63765 35 47
73033 45 47
171116 37 47
172193 45 47
24790 44 47
10776 31 47
21848 48 47
208079 56 47
14463 57 47
127640 43 47
186249 46 32
1710 63 32
138857 44 32
152553 52 32
14346 42 32
83813 33 32
149100 52 32
37163 70 32
127593 47 32
70972 68 32
187047 63 32
136300 39 32
36837 65 32
218457 36 32
210778 65 32
81166 63 32
90170 63 45
213616 53 45
112164 30 45
216641 34 45
151463 36 45
196844 55 45
110375 44 45
127877 69 45
19026 67 45
64063 42 45
37534 27 26
174551 38 26
139762 48 26
137000 30 26
218210 36 26
179074 49 26
818 51 26
215453 17 26
2441 45 26
62218 50 26
55073 28 26
203537 51 26
86559 32 26
147995 37 26
6129 52 26
69111 55 26
62223 40 78
202011 36 78
192688 42 78
55430 45 78
100874 62 78
84490 54 78
140363 37 78
181832 58 78
25080 59 78
55627 37 78
103841 44 78
1397 60 78
154234 58 78
115000 43 78
44467 39 78
6405 57 78
68600 40 78
27273 36 78
186874 45 78
35766 54 78
160094 60 78
129573 49 78
119048 28 78
155016 37 78
73974 42 78
144750 34 78
68707 55 78
53629 48 78
189183 24 78
215859 54 78
194878 54 78
90673 47 78
190681 51 78
185000 51 78
48565 47 78
92263 53 78
220404 40 78
45620 39 78
101247 48 78
107829 36 78
52187 48 78
106364 50 78
42950 51 78
142649 46 78
146518 54 78
42958 42 78
200988 40 78
10032 66 78
205148 29 78
186645 43 78
193075 37 78
18990 55 72
66763 44 72
17191 35 72
175489 60 72
218111 50 72
85147 47 72
125401 65 72
201501 60 72
114893 34 72
39636 51 72
188887 26 72
51865 46 72
41516 46 72
134084 47 72
51054 46 72
139193 40 72
118744 41 72
98871 70 72
158660 46 72
120310 27 72
68529 46 72
112433 68 72
125315 56 72
76148 51 72
139844 46 72
217223 50 72
190114 47 72
42528 57 72
156524 55 72
151532 53 72
42527 34 72
216178 39 84
129030 38 84
47580 38 84
39788 33 84
101405 37 84
175775 45 84
130234 50 84
169526 43 84
85758 31 84
102215 16 84
90355 37 84
189143 36 84
217665 23 84
57797 63 84
108997 47 84
24138 40 84
175456 64 84
145301 46 84
53662 43 84
82164 43 84
26865 59 84
133754 34 84
92026 41 84
96408 51 38
143815 52 38
199631 34 38
62303 47 38
3320 58 38
111600 40 38
219008 52 38
99287 60 38
205072 52 38
132353 41 25
84267 53 25
9343 63 25
200392 51 25
70271 48 25
89352 52 25
177710 46 25
101060 47 25
134392 47 25
217804 37 25
203938 59 25
43252 58 25
39657 25 25
180551 37 25
91153 62 25
